/* Input data */

data;

param E_n := 16;
param V_n := 10;
param D_n := 2;

param h :=
1 10
2 10
;

param KSI := 
1 30
2 10
3 90
4 10
5 10
6 30
7 35
8 40
9 10
10 15
11 50
12 45
13 90
14 25
15 30
16 35
;

param s := 
1 1
2 2
;

param t :=
1 10
2 8
;

param a :=
1, 1    1
2, 2    1
3, 1    1
4, 3    1
5, 4    1
6, 3    1
7, 2    1
8, 2    1
9, 5    1
10, 6   1
11, 6   1
12, 7   1
13, 9   1
14, 7   1
15, 5   1
16, 10  1
;

param b := 
1, 2    1
2, 3    1
3, 3    1
4, 4    1
5, 6    1
6, 6    1
7, 6    1
8, 5    1
9, 7    1
10, 7   1
11, 9   1
12, 9   1
13, 10  1
14, 10  1
15, 8   1
16, 8   1
;


end;
